ts-basic-service ts-station-service /api/v1/stationservice/stations 2022-06-13T03:58:35.196000
ts-basic-service ts-station-service /api/v1/stationservice/stations 2022-06-13T03:58:35.213000
ts-basic-service ts-station-service /api/v1/stationservice/stations 2022-06-13T03:58:35.296000
ts-basic-service ts-station-service /api/v1/stationservice/stations 2022-06-13T03:58:35.301000
ts-basic-service ts-train-service /api/v1/trainservice/trains 2022-06-13T03:58:35.308000
ts-basic-service ts-route-service /api/v1/routeservice/routes 2022-06-13T03:58:35.327000
ts-basic-service ts-price-service /api/v1/priceservice/prices 2022-06-13T03:58:35.334000
ts-basic-service ts-station-service /api/v1/stationservice/stations 2022-06-13T03:58:35.342000
ts-basic-service ts-station-service /api/v1/stationservice/stations 2022-06-13T03:58:35.349000
ts-basic-service ts-station-service /api/v1/stationservice/stations 2022-06-13T03:58:35.371000
ts-basic-service ts-station-service /api/v1/stationservice/stations 2022-06-13T03:58:35.395000
ts-basic-service ts-station-service /api/v1/stationservice/stations 2022-06-13T03:58:35.498000
ts-basic-service ts-station-service /api/v1/stationservice/stations 2022-06-13T03:58:35.519000
ts-basic-service ts-station-service /api/v1/stationservice/stations 2022-06-13T03:58:35.619000
ts-basic-service ts-station-service /api/v1/stationservice/stations 2022-06-13T03:58:35.636000
ts-basic-service ts-station-service /api/v1/stationservice/stations 2022-06-13T03:58:35.660000
ts-basic-service ts-station-service /api/v1/stationservice/stations 2022-06-13T03:58:35.666000
ts-basic-service ts-train-service /api/v1/trainservice/trains 2022-06-13T03:58:35.672000
ts-basic-service ts-route-service /api/v1/routeservice/routes 2022-06-13T03:58:35.681000
ts-basic-service ts-price-service /api/v1/priceservice/prices 2022-06-13T03:58:35.687000
ts-basic-service ts-station-service /api/v1/stationservice/stations 2022-06-13T03:58:35.705000
ts-basic-service ts-station-service /api/v1/stationservice/stations 2022-06-13T03:58:35.715000
ts-basic-service ts-station-service /api/v1/stationservice/stations 2022-06-13T03:58:35.738000
ts-basic-service ts-station-service /api/v1/stationservice/stations 2022-06-13T03:58:35.753000
ts-basic-service ts-station-service /api/v1/stationservice/stations 2022-06-13T03:58:35.814000
ts-basic-service ts-station-service /api/v1/stationservice/stations 2022-06-13T03:58:35.828000
ts-basic-service ts-station-service /api/v1/stationservice/stations 2022-06-13T03:58:36.024000
ts-basic-service ts-station-service /api/v1/stationservice/stations 2022-06-13T03:58:36.030000
ts-basic-service ts-train-service /api/v1/trainservice/trains 2022-06-13T03:58:36.036000
ts-basic-service ts-route-service /api/v1/routeservice/routes 2022-06-13T03:58:36.047000
ts-basic-service ts-price-service /api/v1/priceservice/prices 2022-06-13T03:58:36.099000
ts-basic-service ts-station-service /api/v1/stationservice/stations 2022-06-13T03:58:36.108000
ts-basic-service ts-station-service /api/v1/stationservice/stations 2022-06-13T03:58:36.116000
ts-basic-service ts-station-service /api/v1/stationservice/stations 2022-06-13T03:58:36.142000
ts-basic-service ts-station-service /api/v1/stationservice/stations 2022-06-13T03:58:36.159000
ts-basic-service ts-station-service /api/v1/stationservice/stations 2022-06-13T03:58:36.239000
ts-basic-service ts-station-service /api/v1/stationservice/stations 2022-06-13T03:58:36.254000
ts-basic-service ts-station-service /api/v1/stationservice/stations 2022-06-13T03:58:36.416000
ts-basic-service ts-station-service /api/v1/stationservice/stations 2022-06-13T03:58:36.429000
ts-basic-service ts-train-service /api/v1/trainservice/trains 2022-06-13T03:58:36.442000
ts-basic-service ts-route-service /api/v1/routeservice/routes 2022-06-13T03:58:36.457000
ts-basic-service ts-price-service /api/v1/priceservice/prices 2022-06-13T03:58:36.501000
ts-basic-service ts-station-service /api/v1/stationservice/stations 2022-06-13T03:58:36.519000
ts-basic-service ts-station-service /api/v1/stationservice/stations 2022-06-13T03:58:36.528000
ts-basic-service ts-station-service /api/v1/stationservice/stations 2022-06-13T03:58:36.557000
ts-basic-service ts-station-service /api/v1/stationservice/stations 2022-06-13T03:58:36.577000
ts-basic-service ts-station-service /api/v1/stationservice/stations 2022-06-13T03:58:36.712000
ts-basic-service ts-station-service /api/v1/stationservice/stations 2022-06-13T03:58:36.738000
ts-seat-service ts-travel-service /api/v1/travelservice/routes 2022-06-13T03:58:35.410000
ts-seat-service ts-order-service /api/v1/orderservice/order 2022-06-13T03:58:35.429000
ts-seat-service ts-travel-service /api/v1/travelservice/train_types 2022-06-13T03:58:35.436000
ts-seat-service ts-config-service /api/v1/configservice/configs 2022-06-13T03:58:35.452000
ts-seat-service ts-travel-service /api/v1/travelservice/routes 2022-06-13T03:58:35.534000
ts-seat-service ts-order-service /api/v1/orderservice/order 2022-06-13T03:58:35.551000
ts-seat-service ts-travel-service /api/v1/travelservice/train_types 2022-06-13T03:58:35.569000
ts-seat-service ts-config-service /api/v1/configservice/configs 2022-06-13T03:58:35.584000
ts-seat-service ts-travel-service /api/v1/travelservice/routes 2022-06-13T03:58:35.766000
ts-seat-service ts-order-service /api/v1/orderservice/order 2022-06-13T03:58:35.780000
ts-seat-service ts-travel-service /api/v1/travelservice/train_types 2022-06-13T03:58:35.787000
ts-seat-service ts-config-service /api/v1/configservice/configs 2022-06-13T03:58:35.800000
ts-seat-service ts-travel-service /api/v1/travelservice/routes 2022-06-13T03:58:35.842000
ts-seat-service ts-order-service /api/v1/orderservice/order 2022-06-13T03:58:35.867000
ts-seat-service ts-travel-service /api/v1/travelservice/train_types 2022-06-13T03:58:35.879000
ts-seat-service ts-config-service /api/v1/configservice/configs 2022-06-13T03:58:35.900000
ts-seat-service ts-travel-service /api/v1/travelservice/routes 2022-06-13T03:58:36.173000
ts-seat-service ts-order-service /api/v1/orderservice/order 2022-06-13T03:58:36.198000
ts-seat-service ts-travel-service /api/v1/travelservice/train_types 2022-06-13T03:58:36.204000
ts-seat-service ts-config-service /api/v1/configservice/configs 2022-06-13T03:58:36.221000
ts-seat-service ts-travel-service /api/v1/travelservice/routes 2022-06-13T03:58:36.266000
ts-seat-service ts-order-service /api/v1/orderservice/order 2022-06-13T03:58:36.303000
ts-seat-service ts-travel-service /api/v1/travelservice/train_types 2022-06-13T03:58:36.311000
ts-seat-service ts-config-service /api/v1/configservice/configs 2022-06-13T03:58:36.327000
ts-seat-service ts-travel-service /api/v1/travelservice/routes 2022-06-13T03:58:36.608000
ts-seat-service ts-order-service /api/v1/orderservice/order 2022-06-13T03:58:36.663000
ts-seat-service ts-travel-service /api/v1/travelservice/train_types 2022-06-13T03:58:36.680000
ts-seat-service ts-config-service /api/v1/configservice/configs 2022-06-13T03:58:36.698000
ts-seat-service ts-travel-service /api/v1/travelservice/routes 2022-06-13T03:58:36.757000
ts-seat-service ts-order-service /api/v1/orderservice/order 2022-06-13T03:58:36.775000
ts-seat-service ts-travel-service /api/v1/travelservice/train_types 2022-06-13T03:58:36.786000
ts-seat-service ts-config-service /api/v1/configservice/configs 2022-06-13T03:58:36.807000
ts-ticketinfo-service ts-basic-service /api/v1/basicservice/basic 2022-06-13T03:58:35.192000
ts-ticketinfo-service ts-basic-service /api/v1/basicservice/basic 2022-06-13T03:58:35.211000
ts-ticketinfo-service ts-basic-service /api/v1/basicservice/basic 2022-06-13T03:58:35.292000
ts-ticketinfo-service ts-basic-service /api/v1/basicservice/basic 2022-06-13T03:58:35.369000
ts-ticketinfo-service ts-basic-service /api/v1/basicservice/basic 2022-06-13T03:58:35.393000
ts-ticketinfo-service ts-basic-service /api/v1/basicservice/basic 2022-06-13T03:58:35.492000
ts-ticketinfo-service ts-basic-service /api/v1/basicservice/basic 2022-06-13T03:58:35.517000
ts-ticketinfo-service ts-basic-service /api/v1/basicservice/basic 2022-06-13T03:58:35.617000
ts-ticketinfo-service ts-basic-service /api/v1/basicservice/basic 2022-06-13T03:58:35.634000
ts-ticketinfo-service ts-basic-service /api/v1/basicservice/basic 2022-06-13T03:58:35.657000
ts-ticketinfo-service ts-basic-service /api/v1/basicservice/basic 2022-06-13T03:58:35.736000
ts-ticketinfo-service ts-basic-service /api/v1/basicservice/basic 2022-06-13T03:58:35.750000
ts-ticketinfo-service ts-basic-service /api/v1/basicservice/basic 2022-06-13T03:58:35.811000
ts-ticketinfo-service ts-basic-service /api/v1/basicservice/basic 2022-06-13T03:58:35.826000
ts-ticketinfo-service ts-basic-service /api/v1/basicservice/basic 2022-06-13T03:58:36.021000
ts-ticketinfo-service ts-basic-service /api/v1/basicservice/basic 2022-06-13T03:58:36.139000
ts-ticketinfo-service ts-basic-service /api/v1/basicservice/basic 2022-06-13T03:58:36.157000
ts-ticketinfo-service ts-basic-service /api/v1/basicservice/basic 2022-06-13T03:58:36.237000
ts-ticketinfo-service ts-basic-service /api/v1/basicservice/basic 2022-06-13T03:58:36.252000
ts-ticketinfo-service ts-basic-service /api/v1/basicservice/basic 2022-06-13T03:58:36.413000
ts-ticketinfo-service ts-basic-service /api/v1/basicservice/basic 2022-06-13T03:58:36.554000
ts-ticketinfo-service ts-basic-service /api/v1/basicservice/basic 2022-06-13T03:58:36.572000
ts-ticketinfo-service ts-basic-service /api/v1/basicservice/basic 2022-06-13T03:58:36.709000
ts-ticketinfo-service ts-basic-service /api/v1/basicservice/basic 2022-06-13T03:58:36.736000
ts-travel-service ts-ticketinfo-service /api/v1/ticketinfoservice/ticketinfo 2022-06-13T03:58:35.185000
ts-travel-service ts-ticketinfo-service /api/v1/ticketinfoservice/ticketinfo 2022-06-13T03:58:35.208000
ts-travel-service ts-route-service /api/v1/routeservice/routes 2022-06-13T03:58:35.228000
ts-travel-service ts-route-service /api/v1/routeservice/routes 2022-06-13T03:58:35.238000
ts-travel-service ts-route-service /api/v1/routeservice/routes 2022-06-13T03:58:35.245000
ts-travel-service ts-route-service /api/v1/routeservice/routes 2022-06-13T03:58:35.252000
ts-travel-service ts-route-service /api/v1/routeservice/routes 2022-06-13T03:58:35.258000
ts-travel-service ts-ticketinfo-service /api/v1/ticketinfoservice/ticketinfo 2022-06-13T03:58:35.266000
ts-travel-service ts-order-service /api/v1/orderservice/order 2022-06-13T03:58:35.360000
ts-travel-service ts-ticketinfo-service /api/v1/ticketinfoservice/ticketinfo 2022-06-13T03:58:35.366000
ts-travel-service ts-ticketinfo-service /api/v1/ticketinfoservice/ticketinfo 2022-06-13T03:58:35.386000
ts-travel-service ts-route-service /api/v1/routeservice/routes 2022-06-13T03:58:35.415000
ts-travel-service ts-train-service /api/v1/trainservice/trains 2022-06-13T03:58:35.440000
ts-travel-service ts-seat-service /api/v1/seatservice/seats 2022-06-13T03:58:35.405000
ts-travel-service ts-ticketinfo-service /api/v1/ticketinfoservice/ticketinfo 2022-06-13T03:58:35.462000
ts-travel-service ts-ticketinfo-service /api/v1/ticketinfoservice/ticketinfo 2022-06-13T03:58:35.514000
ts-travel-service ts-route-service /api/v1/routeservice/routes 2022-06-13T03:58:35.538000
ts-travel-service ts-train-service /api/v1/trainservice/trains 2022-06-13T03:58:35.575000
ts-travel-service ts-seat-service /api/v1/seatservice/seats 2022-06-13T03:58:35.531000
ts-travel-service ts-train-service /api/v1/trainservice/trains 2022-06-13T03:58:35.595000
ts-travel-service ts-ticketinfo-service /api/v1/ticketinfoservice/ticketinfo 2022-06-13T03:58:35.614000
ts-travel-service ts-ticketinfo-service /api/v1/ticketinfoservice/ticketinfo 2022-06-13T03:58:35.632000
ts-travel-service ts-route-service /api/v1/routeservice/routes 2022-06-13T03:58:35.649000
ts-travel-service ts-ticketinfo-service /api/v1/ticketinfoservice/ticketinfo 2022-06-13T03:58:35.655000
ts-travel-service ts-order-service /api/v1/orderservice/order 2022-06-13T03:58:35.725000
ts-travel-service ts-ticketinfo-service /api/v1/ticketinfoservice/ticketinfo 2022-06-13T03:58:35.733000
ts-travel-service ts-ticketinfo-service /api/v1/ticketinfoservice/ticketinfo 2022-06-13T03:58:35.748000
ts-travel-service ts-route-service /api/v1/routeservice/routes 2022-06-13T03:58:35.770000
ts-travel-service ts-train-service /api/v1/trainservice/trains 2022-06-13T03:58:35.791000
ts-travel-service ts-seat-service /api/v1/seatservice/seats 2022-06-13T03:58:35.763000
ts-travel-service ts-ticketinfo-service /api/v1/ticketinfoservice/ticketinfo 2022-06-13T03:58:35.808000
ts-travel-service ts-ticketinfo-service /api/v1/ticketinfoservice/ticketinfo 2022-06-13T03:58:35.824000
ts-travel-service ts-route-service /api/v1/routeservice/routes 2022-06-13T03:58:35.847000
ts-travel-service ts-train-service /api/v1/trainservice/trains 2022-06-13T03:58:35.884000
ts-travel-service ts-seat-service /api/v1/seatservice/seats 2022-06-13T03:58:35.838000
ts-travel-service ts-train-service /api/v1/trainservice/trains 2022-06-13T03:58:35.912000
ts-travel-service ts-route-service /api/v1/routeservice/routes 2022-06-13T03:58:35.920000
ts-travel-service ts-route-service /api/v1/routeservice/routes 2022-06-13T03:58:35.999000
ts-travel-service ts-ticketinfo-service /api/v1/ticketinfoservice/ticketinfo 2022-06-13T03:58:36.016000
ts-travel-service ts-order-service /api/v1/orderservice/order 2022-06-13T03:58:36.129000
ts-travel-service ts-ticketinfo-service /api/v1/ticketinfoservice/ticketinfo 2022-06-13T03:58:36.136000
ts-travel-service ts-ticketinfo-service /api/v1/ticketinfoservice/ticketinfo 2022-06-13T03:58:36.155000
ts-travel-service ts-route-service /api/v1/routeservice/routes 2022-06-13T03:58:36.177000
ts-travel-service ts-train-service /api/v1/trainservice/trains 2022-06-13T03:58:36.209000
ts-travel-service ts-seat-service /api/v1/seatservice/seats 2022-06-13T03:58:36.170000
ts-travel-service ts-ticketinfo-service /api/v1/ticketinfoservice/ticketinfo 2022-06-13T03:58:36.235000
ts-travel-service ts-ticketinfo-service /api/v1/ticketinfoservice/ticketinfo 2022-06-13T03:58:36.250000
ts-travel-service ts-route-service /api/v1/routeservice/routes 2022-06-13T03:58:36.270000
ts-travel-service ts-train-service /api/v1/trainservice/trains 2022-06-13T03:58:36.316000
ts-travel-service ts-seat-service /api/v1/seatservice/seats 2022-06-13T03:58:36.264000
ts-travel-service ts-train-service /api/v1/trainservice/trains 2022-06-13T03:58:36.336000
ts-travel-service ts-route-service /api/v1/routeservice/routes 2022-06-13T03:58:36.344000
ts-travel-service ts-ticketinfo-service /api/v1/ticketinfoservice/ticketinfo 2022-06-13T03:58:36.409000
ts-travel-service ts-order-service /api/v1/orderservice/order 2022-06-13T03:58:36.541000
ts-travel-service ts-ticketinfo-service /api/v1/ticketinfoservice/ticketinfo 2022-06-13T03:58:36.552000
ts-travel-service ts-ticketinfo-service /api/v1/ticketinfoservice/ticketinfo 2022-06-13T03:58:36.569000
ts-travel-service ts-route-service /api/v1/routeservice/routes 2022-06-13T03:58:36.630000
ts-travel-service ts-train-service /api/v1/trainservice/trains 2022-06-13T03:58:36.686000
ts-travel-service ts-seat-service /api/v1/seatservice/seats 2022-06-13T03:58:36.600000
ts-travel-service ts-ticketinfo-service /api/v1/ticketinfoservice/ticketinfo 2022-06-13T03:58:36.707000
ts-travel-service ts-ticketinfo-service /api/v1/ticketinfoservice/ticketinfo 2022-06-13T03:58:36.732000
ts-travel-service ts-route-service /api/v1/routeservice/routes 2022-06-13T03:58:36.764000
ts-travel-service ts-train-service /api/v1/trainservice/trains 2022-06-13T03:58:36.790000
ts-travel-service ts-seat-service /api/v1/seatservice/seats 2022-06-13T03:58:36.754000
ts-travel-service ts-train-service /api/v1/trainservice/trains 2022-06-13T03:58:36.820000
ts-travel-service ts-route-service /api/v1/routeservice/routes 2022-06-13T03:58:36.833000
ts-ui-dashboard ts-travel-service /api/v1/travelservice/trips 2022-06-13T03:58:35.183000
ts-ui-dashboard ts-travel-service /api/v1/travelservice/trips 2022-06-13T03:58:35.612000
